Top words: relative frequencies
	patient: 0.0275476278432
	bardoxolon: 0.0248561929389
	methyl: 0.0225869439021
	increas: 0.0165707952926
	egfr: 0.0140376800887
	trial: 0.0108712860837
	kidnei: 0.0107129663835
	clinic: 0.00976304818196
	studi: 0.00944640878147
	treatment: 0.00934086231463
	week: 0.00881312998047
	phase: 0.00802153147923
	ckd: 0.00770489207874
	reata: 0.00754657237849
	function: 0.0069132935775
	diseas: 0.00675497387725
	data: 0.00628001477651
	observ: 0.00606892184284
	activ: 0.00596337537601
	min: 0.00580505567576
